     1.000000    0.001575
     0.988909    0.004972
     0.969198    0.010878
     0.946031    0.017608
     0.920311    0.024817
     0.893081    0.032155
     0.865072    0.039392
     0.836673    0.046412
     0.808072    0.053163
     0.779355    0.059622
     0.750565    0.065775
     0.721729    0.071614
     0.692864    0.077132
     0.663986    0.082320
     0.635112    0.087169
     0.606256    0.091669
     0.577435    0.095807
     0.548668    0.099571
     0.519977    0.102946
     0.491392    0.105916
     0.462959    0.108462
     0.434755    0.110564
     0.406929    0.112201
     0.379708    0.113299
     0.352989    0.113727
     0.326628    0.113480
     0.300592    0.112551
     0.274897    0.110927
     0.249594    0.108597
     0.224758    0.105556
     0.200498    0.101805
     0.176966    0.097363
     0.154373    0.092275
     0.132995    0.086629
     0.113162    0.080564
     0.095200    0.074271
     0.079337    0.067961
     0.065632    0.061817
     0.053971    0.055961
     0.044124    0.050448
     0.035825    0.045277
     0.028817    0.040419
     0.022886    0.035834
     0.017856    0.031476
     0.013595    0.027304
     0.010005    0.023278
     0.007017    0.019368
     0.004584    0.015550
     0.002681    0.011809
     0.001294    0.008144
     0.000413    0.004567
     0.000024    0.001104
     0.000107   -0.002268
     0.000704   -0.005703
     0.001894   -0.009132
     0.003713   -0.012474
     0.006161   -0.015663
     0.009218   -0.018663
     0.012872   -0.021471
     0.017131   -0.024097
     0.022036   -0.026561
     0.027663   -0.028883
     0.034130   -0.031079
     0.041605   -0.033158
     0.050315   -0.035122
     0.060563   -0.036960
     0.072725   -0.038640
     0.087230   -0.040110
     0.104477   -0.041291
     0.124685   -0.042090
     0.147754   -0.042432
     0.173270   -0.042291
     0.200678   -0.041700
     0.229469   -0.040733
     0.259258   -0.039480
     0.289768   -0.038030
     0.320769   -0.036471
     0.351981   -0.034883
     0.383134   -0.033339
     0.414163   -0.031863
     0.445183   -0.030291
     0.476314   -0.028612
     0.507587   -0.026855
     0.538994   -0.025046
     0.570503   -0.023209
     0.602042   -0.021368
     0.633546   -0.019543
     0.664995   -0.017750
     0.696392   -0.015997
     0.727748   -0.014293
     0.759072   -0.012642
     0.790366   -0.011047
     0.821614   -0.009508
     0.852746   -0.008029
     0.883573   -0.006612
     0.913629   -0.005271
     0.941974   -0.004038
     0.967242   -0.002958
     0.988335   -0.002066
     1.000000   -0.001575
