     1.000000    0.001575
     0.994693    0.003207
     0.985992    0.005857
     0.976369    0.008749
     0.965842    0.011867
     0.954480    0.015180
     0.942397    0.018643
     0.929729    0.022209
     0.916610    0.025832
     0.903160    0.029474
     0.889471    0.033105
     0.875614    0.036704
     0.861637    0.040258
     0.847576    0.043754
     0.833454    0.047188
     0.819287    0.050554
     0.805086    0.053850
     0.790858    0.057073
     0.776610    0.060223
     0.762344    0.063297
     0.748065    0.066294
     0.733775    0.069215
     0.719477    0.072057
     0.705171    0.074820
     0.690861    0.077503
     0.676548    0.080105
     0.662235    0.082624
     0.647922    0.085060
     0.633612    0.087412
     0.619307    0.089677
     0.605008    0.091855
     0.590718    0.093945
     0.576439    0.095944
     0.562174    0.097851
     0.547924    0.099664
     0.533694    0.101381
     0.519485    0.103001
     0.505302    0.104521
     0.491150    0.105940
     0.477035    0.107254
     0.462964    0.108462
     0.448948    0.109560
     0.435002    0.110547
     0.421147    0.111420
     0.407409    0.112176
     0.393830    0.112808
     0.380411    0.113279
     0.367113    0.113583
     0.353913    0.113723
     0.340801    0.113697
     0.327769    0.113505
     0.314816    0.113145
     0.301943    0.112617
     0.289154    0.111917
     0.276452    0.111046
     0.263845    0.110001
     0.251341    0.108782
     0.238949    0.107388
     0.226682    0.105819
     0.214554    0.104076
     0.202580    0.102159
     0.190780    0.100071
     0.179176    0.097816
     0.167797    0.095400
     0.156671    0.092832
     0.145836    0.090123
     0.135328    0.087288
     0.125191    0.084344
     0.115465    0.081313
     0.106190    0.078219
     0.097402    0.075088
     0.089128    0.071946
     0.081382    0.068819
     0.074172    0.065728
     0.067489    0.062692
     0.061317    0.059725
     0.055631    0.056836
     0.050403    0.054031
     0.045599    0.051312
     0.041186    0.048679
     0.037132    0.046129
     0.033405    0.043657
     0.029977    0.041260
     0.026822    0.038932
     0.023915    0.036668
     0.021237    0.034461
     0.018769    0.032307
     0.016495    0.030201
     0.014402    0.028136
     0.012477    0.026110
     0.010712    0.024117
     0.009096    0.022155
     0.007625    0.020219
     0.006292    0.018306
     0.005093    0.016415
     0.004025    0.014543
     0.003085    0.012689
     0.002273    0.010854
     0.001587    0.009037
     0.001026    0.007241
     0.000589    0.005467
     0.000275    0.003719
     0.000080    0.002000
     0.000002    0.000320
     0.000037   -0.001344
     0.000192   -0.003032
     0.000480   -0.004735
     0.000908   -0.006443
     0.001485   -0.008145
     0.002217   -0.009831
     0.003104   -0.011491
     0.004147   -0.013118
     0.005343   -0.014703
     0.006692   -0.016244
     0.008189   -0.017738
     0.009832   -0.019183
     0.011622   -0.020581
     0.013559   -0.021934
     0.015645   -0.023242
     0.017885   -0.024509
     0.020285   -0.025737
     0.022856   -0.026929
     0.025606   -0.028086
     0.028552   -0.029211
     0.031708   -0.030306
     0.035095   -0.031372
     0.038735   -0.032409
     0.042656   -0.033419
     0.046888   -0.034400
     0.051468   -0.035352
     0.056435   -0.036273
     0.061835   -0.037158
     0.067717   -0.038005
     0.074134   -0.038806
     0.081140   -0.039554
     0.088787   -0.040240
     0.097120   -0.040852
     0.106173   -0.041380
     0.115962   -0.041812
     0.126481   -0.042137
     0.137703   -0.042347
     0.149579   -0.042438
     0.162049   -0.042410
     0.175042   -0.042265
     0.188489   -0.042010
     0.202324   -0.041653
     0.216489   -0.041205
     0.230935   -0.040677
     0.245621   -0.040079
     0.260510   -0.039423
     0.275573   -0.038720
     0.290782   -0.037980
     0.306110   -0.037214
     0.321527   -0.036432
     0.336996   -0.035643
     0.352472   -0.034858
     0.367929   -0.034084
     0.383353   -0.033328
     0.398742   -0.032597
     0.414110   -0.031865
     0.429476   -0.031102
     0.444860   -0.030308
     0.460272   -0.029488
     0.475718   -0.028645
     0.491199   -0.027783
     0.506716   -0.026905
     0.522266   -0.026013
     0.537847   -0.025112
     0.553454   -0.024204
     0.569080   -0.023292
     0.584714   -0.022378
     0.600346   -0.021466
     0.615968   -0.020559
     0.631578   -0.019656
     0.647174   -0.018762
     0.662757   -0.017876
     0.678327   -0.017000
     0.693885   -0.016136
     0.709432   -0.015283
     0.724970   -0.014442
     0.740501   -0.013615
     0.756025   -0.012801
     0.771541   -0.012000
     0.787050   -0.011213
     0.802549   -0.010441
     0.818034   -0.009682
     0.833494   -0.008938
     0.848917   -0.008208
     0.864278   -0.007493
     0.879538   -0.006794
     0.894638   -0.006114
     0.909493   -0.005453
     0.923981   -0.004818
     0.937945   -0.004212
     0.951207   -0.003641
     0.963589   -0.003113
     0.974956   -0.002631
     0.985236   -0.002197
     0.994435   -0.001809
     1.000000   -0.001575
