     1.000000    0.001575
     0.926144    0.023206
     0.774379    0.060708
     0.618102    0.089864
     0.462838    0.108472
     0.315712    0.113176
     0.181008    0.098185
     0.076936    0.066935
     0.025892    0.038222
     0.004919    0.016123
     0.000227   -0.003285
     0.011746   -0.020672
     0.042230   -0.033314
     0.110984   -0.041609
     0.248514   -0.039955
     0.415544   -0.031795
     0.584988   -0.022362
     0.755179   -0.012845
     0.921186   -0.004940
     1.000000   -0.001575
