     1.000000    0.001575
     0.996514    0.002648
     0.990964    0.004347
     0.985011    0.006153
     0.978649    0.008067
     0.971882    0.010083
     0.964726    0.012195
     0.957203    0.014391
     0.949349    0.016658
     0.941201    0.018983
     0.932801    0.021350
     0.924188    0.023748
     0.915401    0.026162
     0.906472    0.028584
     0.897429    0.031003
     0.888296    0.033413
     0.879091    0.035809
     0.869829    0.038185
     0.860521    0.040538
     0.851178    0.042866
     0.841805    0.045167
     0.832409    0.047439
     0.822993    0.049681
     0.813562    0.051892
     0.804116    0.054072
     0.794660    0.056220
     0.785193    0.058335
     0.775718    0.060417
     0.766236    0.062466
     0.756748    0.064481
     0.747254    0.066462
     0.737755    0.068409
     0.728252    0.070322
     0.718745    0.072200
     0.709236    0.074043
     0.699724    0.075851
     0.690211    0.077623
     0.680696    0.079359
     0.671181    0.081059
     0.661666    0.082723
     0.652151    0.084349
     0.642637    0.085939
     0.633125    0.087490
     0.623614    0.089004
     0.614107    0.090479
     0.604603    0.091916
     0.595102    0.093313
     0.585607    0.094671
     0.576116    0.095988
     0.566631    0.097265
     0.557153    0.098500
     0.547683    0.099694
     0.538221    0.100845
     0.528768    0.101954
     0.519325    0.103019
     0.509894    0.104040
     0.500475    0.105016
     0.491071    0.105947
     0.481683    0.106832
     0.472314    0.107671
     0.462965    0.108461
     0.453641    0.109204
     0.444345    0.109898
     0.435083    0.110542
     0.425860    0.111135
     0.416684    0.111678
     0.407566    0.112168
     0.398517    0.112605
     0.389547    0.112976
     0.380640    0.113272
     0.371786    0.113495
     0.362979    0.113645
     0.354214    0.113722
     0.345486    0.113726
     0.336796    0.113656
     0.328140    0.113513
     0.319519    0.113296
     0.310933    0.113004
     0.302383    0.112637
     0.293869    0.112196
     0.285393    0.111678
     0.276957    0.111084
     0.268562    0.110413
     0.260212    0.109666
     0.251908    0.108842
     0.243654    0.107940
     0.235453    0.106961
     0.227308    0.105904
     0.219224    0.104770
     0.211205    0.103559
     0.203257    0.102272
     0.195385    0.100910
     0.187596    0.099472
     0.179896    0.097962
     0.172295    0.096380
     0.164800    0.094729
     0.157422    0.093012
     0.150170    0.091232
     0.143056    0.089394
     0.136092    0.087501
     0.129290    0.085560
     0.122662    0.083576
     0.116221    0.081556
     0.109978    0.079507
     0.103944    0.077438
     0.098129    0.075355
     0.092540    0.073266
     0.087182    0.071179
     0.082060    0.069100
     0.077175    0.067038
     0.072525    0.064996
     0.068107    0.062980
     0.063915    0.060994
     0.059944    0.059042
     0.056186    0.057125
     0.052630    0.055245
     0.049269    0.053402
     0.046092    0.051598
     0.043090    0.049832
     0.040253    0.048103
     0.037570    0.046411
     0.035034    0.044754
     0.032635    0.043130
     0.030366    0.041539
     0.028219    0.039979
     0.026186    0.038447
     0.024261    0.036944
     0.022438    0.035466
     0.020711    0.034013
     0.019076    0.032582
     0.017527    0.031173
     0.016061    0.029783
     0.014673    0.028412
     0.013361    0.027057
     0.012121    0.025719
     0.010950    0.024395
     0.009846    0.023084
     0.008807    0.021786
     0.007830    0.020499
     0.006916    0.019223
     0.006061    0.017957
     0.005266    0.016700
     0.004528    0.015451
     0.003848    0.014211
     0.003224    0.012979
     0.002657    0.011755
     0.002146    0.010539
     0.001690    0.009331
     0.001290    0.008132
     0.000945    0.006943
     0.000654    0.005764
     0.000418    0.004596
     0.000235    0.003440
     0.000105    0.002297
     0.000027    0.001170
     0.000000    0.000062
     0.000022   -0.001043
     0.000097   -0.002160
     0.000227   -0.003287
     0.000416   -0.004418
     0.000667   -0.005553
     0.000982   -0.006688
     0.001363   -0.007820
     0.001812   -0.008946
     0.002330   -0.010062
     0.002917   -0.011167
     0.003572   -0.012257
     0.004296   -0.013330
     0.005089   -0.014385
     0.005948   -0.015421
     0.006873   -0.016436
     0.007864   -0.017430
     0.008921   -0.018403
     0.010041   -0.019355
     0.011227   -0.020286
     0.012477   -0.021196
     0.013792   -0.022087
     0.015173   -0.022958
     0.016622   -0.023811
     0.018140   -0.024646
     0.019730   -0.025463
     0.021393   -0.026265
     0.023134   -0.027051
     0.024954   -0.027821
     0.026859   -0.028578
     0.028853   -0.029320
     0.030941   -0.030050
     0.033129   -0.030766
     0.035422   -0.031470
     0.037829   -0.032161
     0.040356   -0.032840
     0.043013   -0.033506
     0.045809   -0.034160
     0.048754   -0.034801
     0.051860   -0.035429
     0.055139   -0.036043
     0.058603   -0.036642
     0.062268   -0.037225
     0.066147   -0.037790
     0.070257   -0.038336
     0.074613   -0.038861
     0.079231   -0.039362
     0.084126   -0.039837
     0.089314   -0.040282
     0.094807   -0.040695
     0.100615   -0.041072
     0.106745   -0.041409
     0.113201   -0.041703
     0.119982   -0.041952
     0.127083   -0.042151
     0.134494   -0.042300
     0.142201   -0.042397
     0.150188   -0.042440
     0.158436   -0.042430
     0.166923   -0.042369
     0.175630   -0.042256
     0.184537   -0.042095
     0.193622   -0.041888
     0.202869   -0.041638
     0.212261   -0.041347
     0.221783   -0.041019
     0.231421   -0.040658
     0.241165   -0.040266
     0.251003   -0.039847
     0.260925   -0.039404
     0.270924   -0.038940
     0.280992   -0.038459
     0.291120   -0.037964
     0.301300   -0.037456
     0.311524   -0.036941
     0.321781   -0.036419
     0.332062   -0.035895
     0.342351   -0.035371
     0.352639   -0.034849
     0.362917   -0.034333
     0.373182   -0.033824
     0.383431   -0.033324
     0.393665   -0.032835
     0.403887   -0.032355
     0.414101   -0.031866
     0.424314   -0.031362
     0.434534   -0.030844
     0.444763   -0.030313
     0.455005   -0.029771
     0.465260   -0.029218
     0.475532   -0.028655
     0.485819   -0.028084
     0.496122   -0.027506
     0.506441   -0.026920
     0.516774   -0.026329
     0.527122   -0.025733
     0.537483   -0.025133
     0.547855   -0.024530
     0.558237   -0.023925
     0.568625   -0.023318
     0.579018   -0.022711
     0.589411   -0.022104
     0.599802   -0.021498
     0.610189   -0.020894
     0.620571   -0.020292
     0.630947   -0.019693
     0.641317   -0.019097
     0.651681   -0.018505
     0.662038   -0.017917
     0.672390   -0.017333
     0.682737   -0.016754
     0.693078   -0.016180
     0.703415   -0.015611
     0.713748   -0.015048
     0.724077   -0.014490
     0.734402   -0.013938
     0.744724   -0.013392
     0.755044   -0.012852
     0.765360   -0.012317
     0.775672   -0.011789
     0.785982   -0.011267
     0.796287   -0.010751
     0.806587   -0.010242
     0.816879   -0.009738
     0.827162   -0.009241
     0.837431   -0.008750
     0.847681   -0.008266
     0.857905   -0.007788
     0.868093   -0.007317
     0.878232   -0.006854
     0.888304   -0.006398
     0.898286   -0.005951
     0.908148   -0.005513
     0.917855   -0.005085
     0.927363   -0.004670
     0.936622   -0.004269
     0.945578   -0.003883
     0.954179   -0.003514
     0.962373   -0.003165
     0.970123   -0.002836
     0.977399   -0.002528
     0.984192   -0.002241
     0.990503   -0.001975
     0.996348   -0.001729
     1.000000   -0.001575
