     1.000000    0.001575
     0.997405    0.002375
     0.993334    0.003623
     0.989040    0.004932
     0.984519    0.006302
     0.979767    0.007732
     0.974788    0.009220
     0.969586    0.010763
     0.964168    0.012358
     0.958546    0.014000
     0.952735    0.015684
     0.946749    0.017403
     0.940606    0.019151
     0.934323    0.020923
     0.927917    0.022713
     0.921405    0.024516
     0.914801    0.026326
     0.908118    0.028140
     0.901370    0.029953
     0.894565    0.031763
     0.887713    0.033566
     0.880822    0.035361
     0.873897    0.037145
     0.866945    0.038917
     0.859968    0.040677
     0.852972    0.042422
     0.845959    0.044151
     0.838931    0.045865
     0.831891    0.047563
     0.824840    0.049244
     0.817780    0.050908
     0.810712    0.052554
     0.803636    0.054182
     0.796554    0.055792
     0.789467    0.057384
     0.782374    0.058958
     0.775277    0.060513
     0.768176    0.062050
     0.761071    0.063567
     0.753963    0.065066
     0.746852    0.066545
     0.739738    0.068006
     0.732622    0.069447
     0.725503    0.070869
     0.718383    0.072271
     0.711261    0.073653
     0.704138    0.075016
     0.697014    0.076359
     0.689889    0.077682
     0.682763    0.078985
     0.675637    0.080268
     0.668510    0.081530
     0.661384    0.082771
     0.654258    0.083992
     0.647132    0.085192
     0.640007    0.086371
     0.632883    0.087529
     0.625761    0.088666
     0.618639    0.089781
     0.611520    0.090874
     0.604402    0.091946
     0.597286    0.092995
     0.590173    0.094023
     0.583063    0.095028
     0.575956    0.096010
     0.568852    0.096969
     0.561751    0.097906
     0.554655    0.098819
     0.547563    0.099708
     0.540476    0.100574
     0.533393    0.101416
     0.526316    0.102234
     0.519245    0.103027
     0.512181    0.103796
     0.505123    0.104540
     0.498073    0.105258
     0.491032    0.105951
     0.483999    0.106618
     0.476977    0.107259
     0.469965    0.107874
     0.462966    0.108461
     0.455980    0.109022
     0.449009    0.109556
     0.442056    0.110061
     0.435122    0.110539
     0.428211    0.110989
     0.421324    0.111410
     0.414467    0.111801
     0.407643    0.112164
     0.400858    0.112497
     0.394118    0.112796
     0.387419    0.113053
     0.380753    0.113269
     0.374117    0.113443
     0.367508    0.113577
     0.360924    0.113669
     0.354362    0.113721
     0.347822    0.113732
     0.341302    0.113701
     0.334803    0.113630
     0.328323    0.113517
     0.321863    0.113362
     0.315422    0.113166
     0.309001    0.112928
     0.302600    0.112648
     0.296219    0.112325
     0.289860    0.111960
     0.283522    0.111553
     0.277207    0.111103
     0.270915    0.110609
     0.264647    0.110073
     0.258405    0.109494
     0.252189    0.108871
     0.246001    0.108205
     0.239842    0.107495
     0.233714    0.106742
     0.227618    0.105946
     0.221555    0.105106
     0.215529    0.104223
     0.209540    0.103297
     0.203592    0.102328
     0.197687    0.101317
     0.191826    0.100264
     0.186014    0.099169
     0.180253    0.098034
     0.174547    0.096858
     0.168899    0.095643
     0.163313    0.094391
     0.157794    0.093101
     0.152345    0.091776
     0.146972    0.090417
     0.141679    0.089027
     0.136471    0.087607
     0.131354    0.086159
     0.126332    0.084686
     0.121411    0.083191
     0.116597    0.081676
     0.111893    0.080146
     0.107304    0.078601
     0.102835    0.077047
     0.098490    0.075487
     0.094272    0.073922
     0.090182    0.072358
     0.086224    0.070796
     0.082398    0.069240
     0.078705    0.067692
     0.075144    0.066156
     0.071715    0.064632
     0.068415    0.063123
     0.065243    0.061631
     0.062195    0.060158
     0.059270    0.058703
     0.056463    0.057268
     0.053770    0.055855
     0.051188    0.054462
     0.048712    0.053091
     0.046339    0.051741
     0.044065    0.050412
     0.041884    0.049105
     0.039794    0.047818
     0.037789    0.046551
     0.035868    0.045305
     0.034025    0.044077
     0.032257    0.042869
     0.030561    0.041678
     0.028934    0.040504
     0.027372    0.039348
     0.025873    0.038207
     0.024434    0.037081
     0.023052    0.035970
     0.021726    0.034874
     0.020453    0.033790
     0.019230    0.032719
     0.018056    0.031660
     0.016929    0.030612
     0.015847    0.029575
     0.014810    0.028549
     0.013814    0.027532
     0.012860    0.026524
     0.011945    0.025524
     0.011069    0.024533
     0.010231    0.023549
     0.009430    0.022572
     0.008664    0.021602
     0.007934    0.020639
     0.007238    0.019681
     0.006576    0.018729
     0.005948    0.017783
     0.005353    0.016842
     0.004790    0.015905
     0.004260    0.014973
     0.003761    0.014046
     0.003295    0.013123
     0.002860    0.012205
     0.002456    0.011291
     0.002084    0.010382
     0.001743    0.009478
     0.001433    0.008578
     0.001154    0.007684
     0.000905    0.006795
     0.000688    0.005912
     0.000501    0.005034
     0.000344    0.004164
     0.000217    0.003301
     0.000119    0.002445
     0.000051    0.001597
     0.000012    0.000760
     0.000000   -0.000067
     0.000016   -0.000894
     0.000061   -0.001727
     0.000137   -0.002568
     0.000245   -0.003414
     0.000386   -0.004261
     0.000561   -0.005111
     0.000772   -0.005961
     0.001020   -0.006811
     0.001305   -0.007659
     0.001627   -0.008503
     0.001988   -0.009343
     0.002388   -0.010177
     0.002826   -0.011005
     0.003303   -0.011824
     0.003818   -0.012635
     0.004372   -0.013436
     0.004964   -0.014227
     0.005594   -0.015007
     0.006261   -0.015775
     0.006965   -0.016532
     0.007706   -0.017277
     0.008483   -0.018010
     0.009297   -0.018731
     0.010147   -0.019441
     0.011033   -0.020139
     0.011955   -0.020825
     0.012914   -0.021500
     0.013909   -0.022163
     0.014942   -0.022816
     0.016012   -0.023459
     0.017121   -0.024091
     0.018269   -0.024714
     0.019457   -0.025327
     0.020687   -0.025931
     0.021958   -0.026526
     0.023274   -0.027112
     0.024634   -0.027690
     0.026042   -0.028259
     0.027498   -0.028821
     0.029005   -0.029375
     0.030565   -0.029922
     0.032180   -0.030461
     0.033854   -0.030993
     0.035587   -0.031518
     0.037385   -0.032037
     0.039249   -0.032548
     0.041184   -0.033052
     0.043194   -0.033550
     0.045281   -0.034040
     0.047451   -0.034523
     0.049708   -0.034999
     0.052058   -0.035467
     0.054505   -0.035928
     0.057054   -0.036380
     0.059713   -0.036823
     0.062486   -0.037258
     0.065380   -0.037682
     0.068401   -0.038096
     0.071557   -0.038498
     0.074854   -0.038888
     0.078298   -0.039265
     0.081896   -0.039627
     0.085655   -0.039974
     0.089579   -0.040304
     0.093676   -0.040615
     0.097948   -0.040906
     0.102399   -0.041176
     0.107032   -0.041423
     0.111849   -0.041647
     0.116847   -0.041844
     0.122027   -0.042015
     0.127385   -0.042159
     0.132917   -0.042273
     0.138617   -0.042359
     0.144478   -0.042414
     0.150493   -0.042441
     0.156654   -0.042437
     0.162952   -0.042404
     0.169378   -0.042342
     0.175925   -0.042252
     0.182582   -0.042134
     0.189343   -0.041991
     0.196199   -0.041822
     0.203142   -0.041630
     0.210166   -0.041415
     0.217265   -0.041179
     0.224433   -0.040923
     0.231664   -0.040648
     0.238954   -0.040357
     0.246299   -0.040050
     0.253693   -0.039729
     0.261133   -0.039395
     0.268616   -0.039049
     0.276139   -0.038693
     0.283698   -0.038328
     0.291289   -0.037955
     0.298909   -0.037576
     0.306556   -0.037192
     0.314224   -0.036804
     0.321909   -0.036413
     0.329607   -0.036020
     0.337312   -0.035627
     0.345019   -0.035235
     0.352723   -0.034845
     0.360422   -0.034458
     0.368114   -0.034075
     0.375797   -0.033696
     0.383472   -0.033322
     0.391138   -0.032955
     0.398796   -0.032594
     0.406449   -0.032234
     0.414098   -0.031866
     0.421747   -0.031490
     0.429399   -0.031105
     0.437055   -0.030714
     0.444717   -0.030315
     0.452386   -0.029910
     0.460062   -0.029499
     0.467748   -0.029082
     0.475442   -0.028660
     0.483145   -0.028234
     0.490857   -0.027802
     0.498577   -0.027367
     0.506307   -0.026928
     0.514044   -0.026486
     0.521790   -0.026041
     0.529544   -0.025593
     0.537304   -0.025144
     0.545071   -0.024692
     0.552844   -0.024240
     0.560621   -0.023786
     0.568402   -0.023331
     0.576186   -0.022877
     0.583970   -0.022422
     0.591753   -0.021967
     0.599535   -0.021514
     0.607315   -0.021061
     0.615092   -0.020609
     0.622866   -0.020159
     0.630636   -0.019711
     0.638404   -0.019264
     0.646167   -0.018819
     0.653927   -0.018377
     0.661684   -0.017937
     0.669438   -0.017499
     0.677189   -0.017064
     0.684936   -0.016632
     0.692681   -0.016202
     0.700423   -0.015776
     0.708163   -0.015352
     0.715901   -0.014931
     0.723636   -0.014514
     0.731370   -0.014100
     0.739101   -0.013689
     0.746831   -0.013281
     0.754560   -0.012877
     0.762286   -0.012476
     0.770011   -0.012078
     0.777734   -0.011684
     0.785455   -0.011294
     0.793173   -0.010906
     0.800889   -0.010523
     0.808601   -0.010143
     0.816309   -0.009766
     0.824012   -0.009393
     0.831707   -0.009023
     0.839395   -0.008657
     0.847070   -0.008295
     0.854732   -0.007936
     0.862375   -0.007581
     0.869995   -0.007230
     0.877586   -0.006883
     0.885141   -0.006541
     0.892649   -0.006203
     0.900101   -0.005870
     0.907482   -0.005542
     0.914778   -0.005221
     0.921970   -0.004905
     0.929039   -0.004597
     0.935964   -0.004297
     0.942721   -0.004006
     0.949289   -0.003724
     0.955643   -0.003452
     0.961766   -0.003191
     0.967641   -0.002941
     0.973253   -0.002703
     0.978597   -0.002477
     0.983668   -0.002263
     0.988468   -0.002060
     0.993004   -0.001869
     0.997283   -0.001689
     1.000000   -0.001575
