     1.000000    0.001575
     0.975878    0.008895
     0.928021    0.022685
     0.872335    0.037545
     0.814405    0.051696
     0.755868    0.064666
     0.697111    0.076341
     0.638291    0.086652
     0.579542    0.095517
     0.521015    0.102831
     0.462941    0.108463
     0.405911    0.112252
     0.351024    0.113732
     0.297721    0.112405
     0.245891    0.108192
     0.196100    0.101037
     0.149553    0.091077
     0.108412    0.078979
     0.075204    0.066182
     0.050667    0.054177
     0.033243    0.043547
     0.020860    0.034140
     0.012017    0.025605
     0.005846    0.017625
     0.001937    0.010003
     0.000148    0.002725
     0.000376   -0.004209
     0.002915   -0.011163
     0.008048   -0.017605
     0.015682   -0.023264
     0.025958   -0.028226
     0.039595   -0.032640
     0.058134   -0.036563
     0.084232   -0.039846
     0.121147   -0.041989
     0.169701   -0.042338
     0.226495   -0.040846
     0.287730   -0.038131
     0.351041   -0.034930
     0.414372   -0.031853
     0.477681   -0.028537
     0.541531   -0.024898
     0.605744   -0.021152
     0.669845   -0.017476
     0.733745   -0.013973
     0.797507   -0.010690
     0.860955   -0.007647
     0.922311   -0.004890
     0.974484   -0.002651
     1.000000   -0.001575
